

__m512i idx_L1= _mm512_set_epi32(0, 1, 2, 3, 4, 5, 6, 7, 16, 17, 18, 19, 20, 21, 22, 23);
__m512i idx_H2= _mm512_set_epi32(8, 9, 10, 11, 12, 13, 14, 15, 24, 25, 26, 27, 28, 29, 30, 31);
__m512i idx_L3= _mm512_set_epi32(0, 1, 2, 3, 16, 17, 18, 19, 8, 9, 10, 11, 24, 25, 26, 27);
__m512i idx_H4= _mm512_set_epi32(4, 5, 6, 7, 20, 21, 22, 23, 12, 13, 14, 15, 28, 29, 30, 31);
__m512i idx_L5= _mm512_set_epi32(0, 1, 16, 17, 4, 5, 20, 21, 8, 9, 24, 25, 12, 13, 28, 29);
__m512i idx_H6= _mm512_set_epi32(2, 3, 18, 19, 6, 7, 22, 23, 10, 11, 26, 27, 14, 15, 30, 31);
__m512i idx_L7= _mm512_set_epi32(0, 16, 2, 18, 4, 20, 6, 22, 8, 24, 10, 26, 12, 28, 14, 30);
__m512i idx_H8= _mm512_set_epi32(1, 17, 3, 19, 5, 21, 7, 23, 9, 25, 11, 27, 13, 29, 15, 31);
__m512i idx_L9= _mm512_set_epi32(0, 16, 1, 17, 2, 18, 3, 19, 4, 20, 5, 21, 6, 22, 7, 23);
__m512i idx_H10= _mm512_set_epi32(8, 24, 9, 25, 10, 26, 11, 27, 12, 28, 13, 29, 14, 30, 15, 31);

__m512i idx_L1= _mm512_set_epi32(23, 22, 21, 20, 19, 18, 17, 16, 7, 6, 5, 4, 3, 2, 1, 0);
__m512i idx_H2= _mm512_set_epi32(31, 30, 29, 28, 27, 26, 25, 24, 15, 14, 13, 12, 11, 10, 9, 8);
__m512i idx_L3= _mm512_set_epi32(27, 26, 25, 24, 11, 10, 9, 8, 19, 18, 17, 16, 3, 2, 1, 0);
__m512i idx_H4= _mm512_set_epi32(31, 30, 29, 28, 15, 14, 13, 12, 23, 22, 21, 20, 7, 6, 5, 4);
__m512i idx_L5= _mm512_set_epi32(29, 28, 13, 12, 25, 24, 9, 8, 21, 20, 5, 4, 17, 16, 1, 0);
__m512i idx_H6= _mm512_set_epi32(31, 30, 15, 14, 27, 26, 11, 10, 23, 22, 7, 6, 19, 18, 3, 2);
__m512i idx_L7= _mm512_set_epi32(30, 14, 28, 12, 26, 10, 24, 8, 22, 6, 20, 4, 18, 2, 16, 0);
__m512i idx_H8= _mm512_set_epi32(31, 15, 29, 13, 27, 11, 25, 9, 23, 7, 21, 5, 19, 3, 17, 1);
__m512i idx_L9= _mm512_set_epi32(23, 7, 22, 6, 21, 5, 20, 4, 19, 3, 18, 2, 17, 1, 16, 0);
__m512i idx_H10= _mm512_set_epi32(31, 15, 30, 14, 29, 13, 28, 12, 27, 11, 26, 10, 25, 9, 24, 8);




 __m512i reverse = _mm512_set_epi32(0,1,2,3,4,5,6,7,8,9,10,11,12,13,14,15);
 __m512i idx_L1 = _mm512_set_epi32(0,1,2,3,4,5,6,7,8,9,10,11,12,13,14,15);
 __m512i idx_H1 = _mm512_set_epi32(0,1,2,3,4,5,6,7,8,9,10,11,12,13,14,15);

 __m512i idx_L2 = _mm512_set_epi32(0,1,2,3,4,5,6,7,8,9,10,11,12,13,14,15);
 __m512i idx_H2 = _mm512_set_epi32(0,1,2,3,4,5,6,7,8,9,10,11,12,13,14,15);

 __m512i idx_L3 = _mm512_set_epi32(0,1,2,3,4,5,6,7,8,9,10,11,12,13,14,15);
 __m512i idx_H3 = _mm512_set_epi32(0,1,2,3,4,5,6,7,8,9,10,11,12,13,14,15);

 __m512i idx_L4 = _mm512_set_epi32(0,1,2,3,4,5,6,7,8,9,10,11,12,13,14,15);
 __m512i idx_H4 = _mm512_set_epi32(0,1,2,3,4,5,6,7,8,9,10,11,12,13,14,15);

 __m512i idx_L5 = _mm512_set_epi32(0,1,2,3,4,5,6,7,8,9,10,11,12,13,14,15);
 __m512i idx_H5 = _mm512_set_epi32(0,1,2,3,4,5,6,7,8,9,10,11,12,13,14,15);


00 01 02 03 04 05 06 07 16 17 18 19 20 21 22 23
08 09 10 11 12 13 14 15 24 25 26 27 28 29 30 31

00 01 02 03 16 17 18 19 08 09 10 11 24 25 26 27
04 05 06 07 20 21 22 23 12 13 14 15 28 29 30 31

00 01 16 17 04 05 20 21 08 09 24 25 12 13 28 29
02 03 18 19 06 07 22 23 10 11 26 27 14 15 30 31

00 16 02 18 04 20 06 22 08 24 10 26 12 28 14 30
01 17 03 19 05 21 07 23 09 25 11 27 13 29 15 31

00 16 01 17 02 18 03 19 04 20 05 21 06 22 07 23
08 24 09 25 10 26 11 27 12 28 13 29 14 30 15 31






